00000000000000000000000000000000000000000000000000
00000000000000000000000000000000000000000000000000
01111111111111111111111000011111111111111111111110
01111111111111111111111000011111111111111111111110
00000000000000000000000000000000000000000000000000
00000000000000000000000000000000000000000000000000
01111111111111111111111000011111111111111111111110
01111111111111111111111000011111111111111111111110
00000000000000000000000000000000000000000000000000
00000000000000000000000000000000000000000000000000
01111111111111111111111000011111111111111111111110
01111111111111111111111000011111111111111111111110
00000000000000000000000000000000000000000000000000
00000000000000000000000000000000000000000000000000
01111111111111111111111000011111111111111111111110
01111111111111111111111000011111111111111111111110
00000000000000000000000000000000000000000000000000
00000000000000000000000000000000000000000000000000
01111111111111111111111000011111111111111111111110
01111111111111111111111000011111111111111111111110
00000000000000000000000000000000000000000000000000
00000000000000000000000000000000000000000000000000
01111111111111111111111000011111111111111111111110
00000000000000000000000000000000000000000000000000
00000000000000000000000000000000000000000000000000
02000000000000000000000000000000000000000000000020
00000000000000000000000000000000000000000000000000
00000000000000000000000000000000000000000000000000
02000000000000000000000000000000000000000000000020
00000000000000000000000000000000000000000000000000
00000000000000000000000000000000000000000000000000
02000000000000000000000000000000000000000000000020
00000000000000000000000000000000000000000000000000
00000000000000000000000000000000000000000000000000
00000000000000000000000000000000000000000000000000
01111111111111111111111000011111111111111111111110
00000000000000000000000000000000000000000000000000
00000000000000000000000000000000000000000000000000
01111111111111111111111000011111111111111111111110
01111111111111111111111000011111111111111111111110
00000000000000000000000000000000000000000000000000
00000000000000000000000000000000000000000000000000
01111111111111111111111000011111111111111111111110
01111111111111111111111000011111111111111111111110
00000000000000000000000000000000000000000000000000
00000000000000000000000000000000000000000000000000
01111111111111111111111000011111111111111111111110
01111111111111111111111000011111111111111111111110
00000000000000000000000000000000000000000000000000
00000000000000000000000000000000000000000000000000